500
125000000
382
352
325
362
328
386
365
353
344
364
600
216000000
549
576
576
560
600
583
563
567
581
569
700
343000000
934
939
948
999
1197
1192
1086
1315
944
1085
800
512000000
1297
1279
1285
1292
1229
1422
1430
1547
1270
1295
900
729000000
2137
1954
1995
1959
1940
1878
1825
1841
1861
1851
1000
1000000000
2539
2749
2803
3000
3135
3194
3103
2849
2793
2803
1100
1331000000
4077
4129
4053
4071
3988
4087
3907
4013
4171
3639
1200
1728000000
4401
4193
4412
4305
5403
5561
5327
4182
4052
4228
1300
2197000000
6284
6226
6399
6764
6485
6280
6188
6245
6234
6363
1400
2744000000
7300
7007
7216
7171
7228
7237
7193
7234
7392
7054
1500
3375000000
9999
10112
10122
10117
9990
10037
10241
10231
9951
10009
1600
4096000000
13646
14212
13399
13456
13625
13546
13428
13484
13498
13596
1700
4913000000
16978
28209
20232
19590
18403
17085
17222
17088
17220
17129
1800
5832000000
21583
21216
20833
20885
21071
20854
21190
20781
21150
20980
1900
6859000000
27601
28016
27604
27671
27832
27925
28007
27904
27837
27632
2000
8000000000
28552
28915
28811
28308
28591
28858
29206
28651
28485
28833
2100
9261000000
37469
37560
37596
37405
46513
37618
37633
37105
37584
37564
2200
10648000000
41285
41436
41227
41975
41199
41214
41456
41130
40977
40939