500
125000000
278
315
341
389
275
290
394
379
291
296
600
216000000
479
441
512
495
593
469
562
685
568
560
700
343000000
720
976
797
670
928
1089
765
953
793
881
800
512000000
966
1011
1033
1132
1146
1236
972
985
1182
866
900
729000000
1477
1909
1719
1617
1678
1499
1541
2031
1351
1405
1000
1000000000
2159
2122
2457
2294
2184
2190
2184
2404
2137
2221
1100
1331000000
3265
3366
3183
3439
3292
3376
3249
3337
3289
3251
1200
1728000000
3681
3804
4105
3690
3479
3864
4082
3590
3663
3743
1300
2197000000
4884
5069
4935
4941
5071
5474
5281
5135
4921
5135
1400
2744000000
5857
6016
5945
6135
5878
6081
6047
5934
5973
6681
1500
3375000000
8099
8015
7662
7651
8261
7692
7826
7724
8393
7925
1600
4096000000
9711
9617
9881
10776
10179
10292
9277
9986
9602
9417
1700
4913000000
13108
11604
12500
11814
11278
12884
16982
12908
12308
11103
1800
5832000000
13278
14242
12722
13893
14164
12904
13108
13225
13998
12886
1900
6859000000
17481
16737
16146
16188
15567
14671
16158
15806
16153
15897
2000
8000000000
16987
17420
18316
16472
16433
18638
17228
16553
16204
17119
2100
9261000000
21159
21953
22918
23197
20861
20074
20444
22712
20756
21187
2200
10648000000
25214
28211
25315
27108
26099
25023
24571
22132
26446
27716
23447
