500
125000000
268
293
273
260
246
287
259
249
269
274
600
216000000
442
484
445
387
486
481
442
481
416
500
700
343000000
659
721
631
752
650
792
645
880
709
712
800
512000000
1237
1139
952
945
932
926
935
1015
1130
987
900
729000000
1755
1771
1907
1626
1811
1937
2030
1955
1948
1748
1000
1000000000
2695
2931
2684
2071
2131
2182
2570
2890
2762
2402
1100
1331000000
3902
3123
3130
3415
4126
2980
3710
3790
3210
3254
1200
1728000000
3615
3589
3284
3337
3567
3873
3413
3339
3114
3202
1300
2197000000
5055
4618
4902
4505
4553
4681
4743
4942
4506
5187
1400
2744000000
5990
6277
6059
6694
6906
7358
7318
6663
6215
6760
1500
3375000000
8735
8744
7456
8733
9045
8584
8121
7827
7615
7642
1600
4096000000
10889
11392
10910
10180
10290
10607
10449
10198
11350
10557
1700
4913000000
12868
12398
12379
13519
12441
12782
14550
13389
13336
13235
1800
5832000000
15785
16733
16232
14843
14481
14349
14716
17491
17237
15512
1900
6859000000
19025
20642
20471
20151
19704
20104
21037
20614
21048
20133
2000
8000000000
23700
23256
22516
22067
23688
22076
22124
20503
20480
20262
2100
9261000000
28505
27737
28621
27041
27484
28397
27209
26738
28120
26472
2200
10648000000
28917
30139
29620
31560
32590
30481
31573
28540
28760
30488
